A=[100,101,115,109,111,115,46,99,111,109]
n=\operatorname{length}\left(A\right)
v=\left\{1\le n\le17:\left\{\min\left(A\right)\ge0:\left\{\max\left(A\right)\le127:\left\{\operatorname{total}\left(\left|A-\operatorname{floor}\left(A\right)\right|\right)=0:1,0\right\},0\right\},0\right\},0\right\}
h\left(a,k\right)=\operatorname{mod}\left(\operatorname{floor}\left(\frac{a}{2^{k}}\right),2\right)
b\left(i\right)=\left\{i<4:h\left(4,3-i\right),i<12:h\left(n,11-i\right),i<12+8n:h\left(A\left[1+\operatorname{floor}\left(\frac{i-12}{8}\right)\right],7-\operatorname{mod}\left(i-12,8\right)\right),i<16+8n:0,h\left(\left\{\operatorname{mod}\left(\operatorname{floor}\left(\frac{i-16-8n}{8}\right),2\right)=0:236,17\right\},7-\operatorname{mod}\left(i,8\right)\right)\right\}
B=b\left([0...151]\right)
e_{1}=\operatorname{mod}\left(\operatorname{total}\left(B\left[[2,6,7,8,9,10,15,17,19,21,22,23,24,25,27,30,31,32,33,37,38,43,45,47,49,50,51,52,57,58,60,61,63,64,65,66,69,73,75,77,80,86,87,88,89,93,94,96,98,99,100,101,103,104,107,111,113,114,117,118,120,121,123,124,126,128,130,133,135,136,137,139,144,146,148,149,150,151]\right]\right),2\right)
e_{2}=\operatorname{mod}\left(\operatorname{total}\left(B\left[[3,7,8,10,11,16,17,18,20,22,23,24,26,28,31,32,34,38,39,41,44,46,48,49,50,51,52,53,57,58,59,61,62,64,65,66,67,70,74,76,78,87,88,89,90,94,95,97,99,100,101,102,104,108,112,113,114,115,118,119,121,122,124,125,127,131,134,136,137,138,140,145,147,149,150,151,152]\right]\right),2\right)
e_{3}=\operatorname{mod}\left(\operatorname{total}\left(B\left[[1,4,8,9,11,12,17,18,19,21,23,24,27,29,32,33,35,39,40,41,42,45,47,50,51,52,53,54,57,58,59,60,62,63,65,66,67,68,71,75,77,79,81,88,89,90,91,95,96,98,100,101,102,103,109,113,114,115,116,119,120,122,123,125,126,128,132,135,137,138,139,141,145,146,148,150,151,152]\right]\right),2\right)
e_{4}=\operatorname{mod}\left(\operatorname{total}\left(B\left[[2,5,9,10,12,13,18,19,20,22,24,28,30,33,34,36,40,41,42,43,46,48,49,51,52,53,54,55,58,59,60,61,63,64,65,66,67,68,69,72,73,76,78,80,81,82,89,90,91,92,96,97,99,101,102,103,104,105,110,114,115,116,117,120,121,123,124,126,127,129,133,136,137,138,139,140,142,145,146,147,149,151,152]\right]\right),2\right)
e_{5}=\operatorname{mod}\left(\operatorname{total}\left(B\left[[1,2,3,7,8,9,11,13,14,15,20,22,24,25,27,29,30,32,33,34,35,38,42,44,45,51,53,54,55,56,58,59,62,63,67,68,70,74,75,79,80,82,83,86,87,88,89,90,91,92,94,96,97,99,101,102,105,106,107,114,115,116,120,121,122,123,125,126,127,133,134,135,136,137,138,140,141,143,144,147,149,151,152]\right]\right),2\right)
e_{6}=\operatorname{mod}\left(\operatorname{total}\left(B\left[[1,3,4,6,7,9,12,14,16,19,22,24,26,27,28,32,34,35,36,37,38,39,46,47,50,51,54,55,56,58,59,61,65,66,68,71,76,77,83,84,86,90,91,92,94,95,96,99,101,102,104,106,108,111,113,114,115,116,118,120,121,122,127,129,130,133,134,138,141,142,146,149,151,152]\right]\right),2\right)
e_{7}=\operatorname{mod}\left(\operatorname{total}\left(B\left[[4,5,6,13,17,19,20,21,22,24,25,28,29,30,31,32,35,36,39,40,41,43,45,48,49,50,55,56,58,59,61,62,63,64,67,72,73,75,78,80,84,85,86,88,91,92,94,95,97,98,99,101,102,104,105,109,111,112,115,116,118,119,120,121,122,124,126,131,133,134,136,137,142,143,144,146,147,148,149,151,152]\right]\right),2\right)
e_{8}=\operatorname{mod}\left(\operatorname{total}\left(B\left[[1,5,6,7,9,14,18,20,21,22,23,26,29,30,31,32,36,37,40,42,44,46,49,50,51,56,57,59,60,62,63,64,65,68,74,76,79,85,86,87,92,93,95,96,97,98,99,100,102,103,106,110,112,113,116,117,119,120,122,123,125,127,129,132,134,135,138,143,144,145,147,148,149,150,152]\right]\right),2\right)
e_{9}=\operatorname{mod}\left(\operatorname{total}\left(B\left[[1,2,3,4,5,6,9,10,13,14,16,17,18,19,21,22,24,25,27,29,31,32,33,36,37,40,45,47,48,49,50,51,54,55,56,62,63,64,72,73,74,76,78,79,80,83,86,89,94,97,98,99,100,103,104,105,106,108,110,111,112,117,118,119,122,124,125,128,129,130,131,132,134,135,136,138,139,140,141,142,143,144,145,146,147,148,149,150,151]\right]\right),2\right)
e_{10}=\operatorname{mod}\left(\operatorname{total}\left(B\left[[1,2,3,4,5,6,7,9,10,11,14,15,17,18,19,20,22,23,26,28,30,32,33,34,37,38,46,48,50,51,52,55,56,63,64,65,73,74,75,77,79,80,81,84,87,89,90,95,98,99,100,101,104,105,106,107,109,111,112,118,119,120,121,123,125,126,129,130,131,132,133,135,136,139,140,141,142,143,144,145,146,147,148,149,150,151,152]\right]\right),2\right)
e_{11}=\operatorname{mod}\left(\operatorname{total}\left(B\left[[1,2,3,4,5,6,7,8,9,10,11,12,15,16,18,19,20,21,23,24,25,27,29,31,34,35,38,39,47,51,52,53,56,57,64,66,74,75,76,78,80,81,82,85,88,90,91,96,97,99,100,101,102,106,107,108,110,112,119,120,122,124,126,127,129,130,131,132,133,134,136,140,141,142,143,144,146,147,148,149,150,151,152]\right]\right),2\right)
e_{12}=\operatorname{mod}\left(\operatorname{total}\left(B\left[[2,3,4,5,6,7,8,10,11,12,13,16,17,19,20,21,22,24,25,26,28,30,32,33,35,36,39,40,48,49,52,53,54,57,58,67,73,75,76,77,79,82,83,86,89,91,92,97,98,100,101,102,103,105,107,108,109,111,113,120,123,125,127,128,130,131,132,133,134,135,141,142,143,144,147,148,149,150,151,152]\right]\right),2\right)
e_{13}=\operatorname{mod}\left(\operatorname{total}\left(B\left[[1,2,7,8,10,11,12,16,17,19,20,23,24,26,32,33,34,41,45,47,48,51,53,56,58,59,62,63,64,68,72,73,77,79,81,84,86,87,90,92,93,94,100,101,102,105,109,111,113,114,117,118,119,122,125,126,130,133,137,138,139,140,141,145,146,147,152]\right]\right),2\right)
e_{14}=\operatorname{mod}\left(\operatorname{total}\left(B\left[[4,5,6,8,9,10,11,12,14,16,17,19,20,22,29,31,32,33,34,35,36,37,40,42,45,46,47,49,50,51,52,55,56,59,60,62,69,72,76,79,82,83,85,86,87,88,91,93,95,98,99,100,101,102,104,108,111,114,115,117,120,122,123,124,125,126,127,128,130,132,135,136,143,144,149,150,151]\right]\right),2\right)
e_{15}=\operatorname{mod}\left(\operatorname{total}\left(B\left[[1,2,3,4,7,11,12,14,15,16,17,19,20,22,23,24,25,27,29,30,31,34,35,38,40,43,45,46,49,52,53,54,55,60,61,62,64,70,72,74,76,77,78,79,81,84,87,88,92,96,97,98,101,102,104,106,108,109,110,111,115,116,117,119,122,123,126,127,129,130,132,133,134,135,137,138,139,140,141,142,143,145,146,147,148,149,152]\right]\right),2\right)
e_{16}=\operatorname{mod}\left(\operatorname{total}\left(B\left[[1,2,3,4,5,8,9,12,13,15,16,17,18,20,21,23,24,26,28,30,31,32,35,36,39,44,46,47,49,50,53,54,55,56,61,62,63,71,73,75,77,78,79,80,82,85,88,93,97,98,99,102,103,105,107,109,110,111,112,116,117,118,120,121,123,124,127,128,129,130,131,133,134,135,136,137,138,139,140,141,142,143,144,145,146,147,148,149,150]\right]\right),2\right)
e_{17}=\operatorname{mod}\left(\operatorname{total}\left(B\left[[4,6,7,8,14,17,19,22,23,26,27,30,31,32,33,35,36,37,39,41,42,43,44,45,46,47,50,53,55,59,60,61,62,64,65,66,67,70,71,72,73,76,77,78,80,81,82,84,85,86,89,90,93,96,97,98,100,101,102,103,104,106,107,108,110,112,113,114,118,120,122,127,130,135,137,141,143,145,147,149,152]\right]\right),2\right)
e_{18}=\operatorname{mod}\left(\operatorname{total}\left(B\left[[1,5,7,8,9,15,17,18,20,23,24,27,28,31,32,34,36,37,38,40,41,42,43,44,45,46,47,48,49,51,54,56,60,61,62,63,66,67,68,71,72,74,77,78,79,81,82,83,85,86,87,90,91,94,98,99,101,102,103,104,105,107,108,109,111,114,115,119,123,128,131,136,137,138,142,144,146,148,150]\right]\right),2\right)
e_{19}=\operatorname{mod}\left(\operatorname{total}\left(B\left[[2,6,8,10,16,18,19,21,24,28,29,32,35,37,38,39,42,43,44,45,46,47,48,50,52,55,57,61,62,63,64,67,68,69,72,75,78,79,80,82,83,84,86,87,88,89,91,92,95,97,99,100,102,103,104,106,108,109,110,112,115,116,120,121,124,129,132,138,139,143,147,149,151]\right]\right),2\right)
e_{20}=\operatorname{mod}\left(\operatorname{total}\left(B\left[[3,7,9,11,19,20,22,25,29,30,36,38,39,40,43,44,45,46,47,48,49,51,53,56,57,58,62,63,64,65,68,69,70,76,79,80,81,83,84,85,87,88,89,90,92,93,96,97,98,100,101,103,104,107,109,110,111,116,117,121,122,125,129,130,133,139,140,144,145,148,150,152]\right]\right),2\right)
e_{21}=\operatorname{mod}\left(\operatorname{total}\left(B\left[[6,7,10,12,14,17,19,20,21,22,27,32,35,36,40,41,42,43,48,52,53,54,55,58,60,61,62,63,67,69,72,73,76,78,88,91,94,96,99,100,103,106,107,111,113,114,117,120,121,123,126,127,129,131,134,135,137,140,143,146,147,151,152]\right]\right),2\right)
e_{22}=\operatorname{mod}\left(\operatorname{total}\left(B\left[[1,4,6,11,13,14,15,18,19,20,21,25,26,27,28,30,31,32,33,35,39,45,46,47,49,50,54,56,57,60,63,65,66,67,68,71,72,73,74,76,78,79,80,82,84,85,86,89,90,92,93,95,96,98,102,103,106,110,113,115,120,121,124,128,129,132,136,138,143,144,148,149]\right]\right),2\right)
e_{23}=\operatorname{mod}\left(\operatorname{total}\left(B\left[[2,4,5,6,8,12,15,16,17,20,21,23,25,28,29,30,33,34,35,37,39,40,41,42,43,44,45,48,51,53,57,58,59,60,62,65,68,69,70,71,74,75,76,78,79,82,83,84,87,91,94,98,99,100,101,102,105,106,108,110,111,112,116,118,120,125,127,133,135,139,141,143,144,145,147,150,152]\right]\right),2\right)
e_{24}=\operatorname{mod}\left(\operatorname{total}\left(B\left[[3,5,6,7,13,16,18,21,22,24,25,26,29,30,31,34,35,36,38,40,41,42,43,44,45,46,49,52,54,58,59,60,61,63,65,66,69,70,71,72,75,76,77,79,80,81,83,84,85,88,89,92,95,97,99,100,101,102,103,105,106,107,109,111,112,113,117,119,121,126,128,129,134,136,140,142,144,146,148,151]\right]\right),2\right)
e_{25}=\operatorname{mod}\left(\operatorname{total}\left(B\left[[1,2,6,10,13,14,15,16,21,23,24,25,26,29,31,33,35,36,38,40,42,44,46,47,49,51,52,53,54,57,59,60,62,63,65,67,71,72,74,76,78,80,82,83,84,87,90,92,93,94,97,99,100,102,103,106,108,113,115,120,121,124,125,128,129,135,137,140,143,144,145,148,150,152]\right]\right),2\right)
e_{26}=\operatorname{mod}\left(\operatorname{total}\left(B\left[[1,2,3,7,9,11,14,15,16,22,24,25,26,27,30,32,33,34,36,37,39,43,45,47,48,49,50,52,53,54,55,58,60,61,63,64,65,66,68,72,73,75,77,79,81,83,84,85,88,89,91,93,94,95,98,100,101,103,104,105,107,109,113,114,116,121,122,125,126,130,136,138,141,144,145,146,149,151]\right]\right),2\right)
e_{27}=\operatorname{mod}\left(\operatorname{total}\left(B\left[[2,3,4,8,10,12,15,16,23,26,27,28,31,34,35,37,38,40,44,46,48,49,50,51,53,54,55,56,57,59,61,62,64,66,67,69,73,74,76,78,80,81,82,84,85,86,90,92,94,95,96,97,99,101,102,104,105,106,108,110,113,114,115,117,122,123,126,127,129,131,139,142,145,146,147,150,152]\right]\right),2\right)
e_{28}=\operatorname{mod}\left(\operatorname{total}\left(B\left[[3,4,5,11,13,16,24,25,27,28,29,32,33,35,36,38,39,41,45,47,49,50,51,52,54,55,56,57,58,60,62,63,65,67,68,70,73,74,75,77,79,81,82,83,85,86,87,89,91,93,95,96,97,98,100,102,103,106,107,109,111,113,114,115,116,118,121,123,124,127,128,130,132,137,140,143,146,147,148,151]\right]\right),2\right)
e_{29}=\operatorname{mod}\left(\operatorname{total}\left(B\left[[1,2,4,5,10,12,13,15,16,17,21,23,24,28,30,31,33,34,35,37,38,39,41,44,47,48,50,54,55,56,57,58,60,61,62,64,65,66,67,68,69,72,73,75,86,88,93,96,97,98,100,101,102,104,105,106,107,110,112,113,114,116,117,119,120,121,122,131,133,135,138,140,141,143,147,149,150]\right]\right),2\right)
e_{30}=\operatorname{mod}\left(\operatorname{total}\left(B\left[[1,3,5,9,10,11,15,18,21,22,23,25,26,32,33,34,39,44,45,46,47,48,49,52,53,54,55,56,57,58,60,61,66,68,69,70,71,72,78,80,82,83,84,90,92,93,97,98,100,101,107,111,114,117,118,121,122,123,124,125,128,132,134,135,136,137,139,140,141,142,143,145,151,152]\right]\right),2\right)
e_{31}=\operatorname{mod}\left(\operatorname{total}\left(B\left[[4,11,12,13,14,15,19,21,22,27,29,31,33,34,36,38,42,44,45,48,49,50,51,52,55,56,57,58,60,61,63,65,69,70,74,76,78,79,80,81,82,85,87,90,91,92,97,98,100,101,103,106,112,113,118,119,120,122,123,126,128,133,136,138,141,142,146,148,150]\right]\right),2\right)
e_{32}=\operatorname{mod}\left(\operatorname{total}\left(B\left[[1,5,9,12,13,14,15,16,20,22,23,25,28,30,32,34,35,37,39,41,43,45,46,50,51,52,53,56,58,59,61,62,64,66,70,71,73,75,77,79,80,81,82,83,86,88,89,91,92,93,98,99,101,102,104,105,107,114,119,120,123,124,127,134,139,142,143,147,149,151]\right]\right),2\right)
e_{33}=\operatorname{mod}\left(\operatorname{total}\left(B\left[[1,2,3,4,5,6,8,9,10,13,14,15,16,17,18,19,21,22,23,25,30,31,33,34,35,36,43,45,49,52,53,54,55,57,58,63,64,65,66,70,72,73,74,76,78,80,81,83,85,90,91,95,98,100,103,104,110,111,112,113,117,119,125,127,136,137,138,140,141,145,146,148]\right]\right),2\right)
e_{34}=\operatorname{mod}\left(\operatorname{total}\left(B\left[[2,3,4,5,6,7,9,10,11,14,15,16,18,19,20,22,23,24,25,26,31,32,33,34,35,36,37,41,44,46,49,50,53,54,55,56,57,58,59,64,66,67,71,73,74,75,77,79,81,82,84,86,91,92,96,99,101,104,111,112,113,114,118,120,121,126,128,129,138,139,141,142,145,146,147,149]\right]\right),2\right)
e_{35}=\operatorname{mod}\left(\operatorname{total}\left(B\left[[1,3,4,5,6,7,8,10,11,12,15,16,17,19,20,21,23,24,25,26,27,32,34,35,36,37,38,42,45,47,49,50,51,54,55,56,57,58,59,60,67,68,72,73,74,75,76,78,80,82,83,85,87,92,93,100,102,105,112,114,115,119,122,127,130,139,140,142,143,145,146,147,148,150]\right]\right),2\right)
e_{36}=\operatorname{mod}\left(\operatorname{total}\left(B\left[[2,4,5,6,7,8,11,12,13,16,17,18,20,21,22,24,25,26,27,28,33,35,36,37,38,39,41,43,46,48,50,51,52,55,56,57,58,59,60,61,68,69,73,74,75,76,77,79,81,83,84,86,88,93,94,101,103,105,106,115,116,120,123,128,131,140,141,143,144,146,147,148,149,151]\right]\right),2\right)
e_{37}=\operatorname{mod}\left(\operatorname{total}\left(B\left[[1,2,4,7,10,12,15,16,17,26,27,28,29,30,31,35,37,38,39,40,42,43,44,45,47,49,51,54,55,56,57,59,60,61,62,63,64,65,66,69,72,73,75,77,82,83,84,87,90,91,94,97,98,100,102,103,106,107,110,111,112,113,116,119,121,124,125,127,132,136,138,140,142,144,145,146,147,149,150,152]\right]\right),2\right)
e_{38}=\operatorname{mod}\left(\operatorname{total}\left(B\left[[4,6,9,10,11,14,15,17,19,21,22,23,27,28,29,32,34,35,38,39,40,44,46,48,49,50,53,54,56,57,60,61,62,65,67,72,80,84,88,89,90,92,99,100,101,107,108,110,114,119,120,122,126,127,128,133,136,138,139,140,143,147,150,151]\right]\right),2\right)
e_{39}=\operatorname{mod}\left(\operatorname{total}\left(B\left[[1,2,3,4,6,7,8,11,12,13,14,17,19,20,21,24,28,29,31,33,34,39,40,41,43,47,50,51,52,53,61,62,64,68,70,72,74,76,78,80,81,83,89,93,95,98,101,102,103,104,108,109,110,112,115,117,119,120,123,125,128,134,136,138,139,144,146,151,152]\right]\right),2\right)
e_{40}=\operatorname{mod}\left(\operatorname{total}\left(B\left[[1,2,3,4,5,7,8,9,12,13,14,15,17,18,20,21,22,29,30,32,33,34,35,40,42,44,48,51,52,53,54,57,62,63,65,69,71,73,75,77,79,82,84,89,90,94,96,97,99,102,103,104,109,110,111,116,118,120,124,126,135,137,139,140,145,147,152]\right]\right),2\right)
e_{41}=\operatorname{mod}\left(\operatorname{total}\left(B\left[[3,6,7,9,14,15,17,18,23,29,30,31,33,36,37,38,40,41,43,45,47,49,52,53,54,55,57,58,60,63,64,68,70,71,73,75,77,78,80,84,88,92,95,101,103,104,105,106,107,110,114,116,118,120,122,124,127,128,129,130,131,133,134,136,137,142,145,146,151]\right]\right),2\right)
e_{42}=\operatorname{mod}\left(\operatorname{total}\left(B\left[[1,4,7,8,9,10,15,16,18,19,24,30,31,32,34,37,38,39,41,42,44,46,48,49,50,53,54,55,56,58,59,61,64,69,71,72,73,74,76,78,79,85,89,93,96,102,104,105,106,107,108,111,113,115,117,119,123,125,128,129,130,131,132,134,135,137,138,143,146,147,152]\right]\right),2\right)
e_{43}=\operatorname{mod}\left(\operatorname{total}\left(B\left[[2,5,8,9,10,11,16,17,19,20,31,32,35,38,39,40,41,42,43,45,47,49,50,51,54,55,56,59,60,62,70,72,74,75,77,79,80,81,86,90,94,103,105,106,107,108,109,112,113,114,116,118,120,124,126,130,131,132,133,135,136,138,139,144,145,147,148]\right]\right),2\right)
e_{44}=\operatorname{mod}\left(\operatorname{total}\left(B\left[[3,6,9,10,11,12,17,18,20,21,25,32,36,39,40,41,42,43,44,46,48,50,51,52,55,56,60,61,63,71,75,76,78,80,81,82,87,89,91,95,104,105,106,107,108,109,110,113,114,115,117,119,125,127,129,131,132,133,134,136,137,139,140,145,146,148,149]\right]\right),2\right)
e_{45}=\operatorname{mod}\left(\operatorname{total}\left(B\left[[1,3,4,6,10,11,12,13,14,15,17,19,21,22,23,25,26,29,30,31,33,36,38,42,44,49,51,54,55,56,57,58,60,61,62,63,68,70,71,72,75,76,78,79,80,82,83,84,90,95,96,97,101,103,104,108,109,111,113,115,121,122,124,126,127,129,131,132,135,136,138,140,141,142,145,147,149,150,151]\right]\right),2\right)
e_{46}=\operatorname{mod}\left(\operatorname{total}\left(B\left[[2,3,4,5,6,11,12,13,16,17,20,22,24,26,27,29,32,33,34,36,38,39,40,47,49,50,53,54,56,59,60,61,62,65,68,69,70,72,75,76,78,79,81,83,85,88,89,91,92,95,96,98,101,102,103,105,106,107,109,112,118,120,123,124,125,129,131,132,134,139,141,143,145,148,150,152]\right]\right),2\right)
e_{47}=\operatorname{mod}\left(\operatorname{total}\left(B\left[[1,4,5,12,13,15,21,27,28,29,31,34,35,36,38,39,41,43,45,47,48,50,51,52,53,58,61,62,64,66,68,69,73,75,76,78,79,82,86,88,90,93,95,96,99,101,102,105,108,114,116,118,119,120,122,125,126,127,128,129,131,132,134,135,136,140,144,149]\right]\right),2\right)
e_{48}=\operatorname{mod}\left(\operatorname{total}\left(B\left[[2,5,6,13,14,16,17,22,28,29,30,32,35,36,37,39,40,42,44,46,48,51,52,53,54,57,59,62,63,67,69,70,74,76,77,79,80,83,87,91,94,96,100,102,103,105,106,109,113,115,117,119,120,121,123,126,127,128,129,130,132,133,135,136,141,145,150]\right]\right),2\right)
e_{49}=\operatorname{mod}\left(\operatorname{total}\left(B\left[[3,4,7,8,9,13,14,16,18,23,24,25,27,29,32,33,34,35,36,38,39,40,41,45,47,48,50,51,56,57,58,62,63,64,65,66,68,69,70,71,74,77,78,79,81,83,84,86,90,91,93,94,99,100,101,104,105,107,108,111,112,113,114,115,116,117,121,122,123,125,126,127,132,140,141,143,144,149,150,151]\right]\right),2\right)
e_{50}=\operatorname{mod}\left(\operatorname{total}\left(B\left[[4,5,8,9,10,14,15,17,19,24,26,28,30,33,34,35,36,37,39,40,42,46,48,49,51,52,58,59,63,64,65,66,67,69,70,71,72,75,78,79,80,82,84,85,87,91,92,94,95,97,100,101,102,106,108,109,112,114,115,116,117,118,122,123,124,126,127,128,129,133,137,141,142,144,150,151,152]\right]\right),2\right)
e_{51}=\operatorname{mod}\left(\operatorname{total}\left(B\left[[1,5,6,9,10,11,15,16,17,18,20,27,29,31,33,34,35,36,37,38,40,43,47,49,50,52,53,57,59,60,64,65,66,67,68,70,71,72,76,79,80,83,85,86,88,92,93,95,96,97,98,101,102,103,105,107,109,110,113,115,116,117,118,119,121,123,124,125,127,128,129,130,134,137,138,142,143,151,152]\right]\right),2\right)
e_{52}=\operatorname{mod}\left(\operatorname{total}\left(B\left[[2,6,7,9,10,11,12,16,17,18,19,21,25,28,30,32,34,35,36,37,38,39,44,48,50,51,53,54,58,60,61,65,66,67,68,69,71,72,77,80,81,84,86,87,89,93,94,96,98,99,102,103,104,106,108,110,111,113,114,116,117,118,119,120,121,122,124,125,126,128,129,130,131,135,137,138,139,143,144,145,152]\right]\right),2\right)
e_{53}=\operatorname{mod}\left(\operatorname{total}\left(B\left[[1,4,9,10,11,12,14,16,17,19,20,22,23,24,26,27,31,32,34,37,41,47,48,50,52,54,55,56,57,58,59,61,63,64,67,71,72,74,77,79,81,82,83,84,85,86,87,88,89,91,93,95,101,103,105,108,109,113,116,118,119,120,121,130,131,136,137,138,139,141,143,145,146,149,150,151]\right]\right),2\right)
e_{54}=\operatorname{mod}\left(\operatorname{total}\left(B\left[[1,2,3,4,5,7,8,10,11,12,14,15,16,17,20,21,28,29,34,36,39,40,42,45,47,49,50,53,55,57,59,60,63,66,69,70,71,72,73,74,75,77,79,80,81,82,85,87,88,89,91,92,93,96,97,99,100,101,102,105,106,107,108,109,110,111,112,115,116,119,120,121,123,125,126,127,129,131,137,138,139,141,142,143,146,147,149,152]\right]\right),2\right)
e_{55}=\operatorname{mod}\left(\operatorname{total}\left(B\left[[1,2,5,6,7,11,12,14,15,21,22,23,24,25,27,30,32,33,34,36,37,38,39,43,45,46,47,49,54,60,61,62,63,66,67,68,69,72,75,76,77,79,80,81,82,84,88,89,91,92,97,98,99,102,103,104,105,106,109,110,113,114,115,120,121,123,124,125,128,130,138,139,141,142,147,148,149,151]\right]\right),2\right)
e_{56}=\operatorname{mod}\left(\operatorname{total}\left(B\left[[2,3,6,7,8,12,13,15,16,17,22,23,24,26,28,31,33,34,35,37,38,39,40,44,46,47,48,49,50,55,57,61,62,63,64,65,67,68,69,70,73,76,77,78,80,82,83,85,89,90,92,93,98,99,100,103,104,106,107,110,111,113,114,115,116,121,122,124,125,126,131,139,140,142,143,148,149,150,152]\right]\right),2\right)
D=\operatorname{join}\left(B,[e_{1},e_{2},e_{3},e_{4},e_{5},e_{6},e_{7},e_{8},e_{9},e_{10},e_{11},e_{12},e_{13},e_{14},e_{15},e_{16},e_{17},e_{18},e_{19},e_{20},e_{21},e_{22},e_{23},e_{24},e_{25},e_{26},e_{27},e_{28},e_{29},e_{30},e_{31},e_{32},e_{33},e_{34},e_{35},e_{36},e_{37},e_{38},e_{39},e_{40},e_{41},e_{42},e_{43},e_{44},e_{45},e_{46},e_{47},e_{48},e_{49},e_{50},e_{51},e_{52},e_{53},e_{54},e_{55},e_{56}],[0]\right)
T=[209,209,209,209,209,209,209,209,209,138,137,136,135,209,209,209,209,209,209,209,209,209,209,209,209,209,209,209,209,209,140,139,134,133,209,209,209,209,209,209,209,209,209,209,209,209,209,209,209,209,209,142,141,132,131,209,209,209,209,209,209,209,209,209,209,209,209,209,209,209,209,209,144,143,130,129,209,209,209,209,209,209,209,209,209,209,209,209,209,209,209,209,209,146,145,128,127,209,209,209,209,209,209,209,209,209,209,209,209,209,209,209,209,209,148,147,126,125,209,209,209,209,209,209,209,209,209,209,209,209,209,209,209,209,209,209,209,209,209,209,209,209,209,209,209,209,209,209,209,209,209,209,209,209,209,209,150,149,124,123,209,209,209,209,209,209,209,209,209,209,209,209,209,209,209,209,209,152,151,122,121,209,209,209,209,209,209,209,209,202,201,200,199,186,185,209,184,183,154,153,120,119,74,73,72,71,26,25,24,23,204,203,198,197,188,187,209,182,181,156,155,118,117,76,75,70,69,28,27,22,21,206,205,196,195,190,189,209,180,179,158,157,116,115,78,77,68,67,30,29,20,19,208,207,194,193,192,191,209,178,177,160,159,114,113,80,79,66,65,32,31,18,17,209,209,209,209,209,209,209,209,209,162,161,112,111,82,81,64,63,34,33,16,15,209,209,209,209,209,209,209,209,209,164,163,110,109,84,83,62,61,36,35,14,13,209,209,209,209,209,209,209,209,209,166,165,108,107,86,85,60,59,38,37,12,11,209,209,209,209,209,209,209,209,209,168,167,106,105,88,87,58,57,40,39,10,9,209,209,209,209,209,209,209,209,209,170,169,104,103,90,89,56,55,42,41,8,7,209,209,209,209,209,209,209,209,209,172,171,102,101,92,91,54,53,44,43,6,5,209,209,209,209,209,209,209,209,209,174,173,100,99,94,93,52,51,46,45,4,3,209,209,209,209,209,209,209,209,209,176,175,98,97,96,95,50,49,48,47,2,1]
U=[1,1,1,1,1,1,1,0,0,0,1,0,1,0,1,1,1,1,1,1,1,1,0,0,0,0,0,1,0,0,1,0,1,0,0,1,0,0,0,0,0,1,1,0,1,1,1,0,1,0,1,0,1,0,1,0,1,0,1,1,1,0,1,1,0,1,1,1,0,1,0,0,1,0,1,0,0,1,0,1,1,1,0,1,1,0,1,1,1,0,1,0,0,0,1,0,1,0,1,0,1,1,1,0,1,1,0,0,0,0,0,1,0,0,1,0,1,0,0,1,0,0,0,0,0,1,1,1,1,1,1,1,1,0,1,0,1,0,1,0,1,1,1,1,1,1,1,0,0,0,0,0,0,0,0,1,1,0,1,0,0,0,0,0,0,0,0,0,1,1,1,0,1,1,1,1,1,0,1,0,1,1,1,0,0,0,1,0,0,0,1,0,1,0,1,0,1,0,1,0,1,0,1,0,1,0,1,0,1,0,1,0,1,0,1,0,1,0,1,0,1,0,1,0,1,0,1,0,1,0,1,0,1,0,1,0,1,0,1,0,1,0,1,0,1,0,1,0,1,0,1,0,1,0,1,0,1,0,1,0,1,0,1,0,1,0,1,0,1,0,1,0,1,0,0,0,0,0,0,0,0,1,1,0,1,0,1,0,1,0,1,0,1,0,1,1,1,1,1,1,1,0,1,0,1,0,1,0,1,0,1,0,1,0,1,1,0,0,0,0,0,1,0,1,1,0,1,0,1,0,1,0,1,0,1,0,1,0,1,1,1,0,1,0,1,0,1,0,1,0,1,0,1,0,1,0,1,1,0,1,1,1,0,1,0,0,1,0,1,0,1,0,1,0,1,0,1,0,1,0,1,1,1,0,1,0,1,0,1,0,1,0,1,0,1,0,1,0,1,1,0,0,0,0,0,1,0,1,1,0,1,0,1,0,1,0,1,0,1,0,1,1,1,1,1,1,1,0,1,0,1,0,1,0,1,0,1,0,1,0,1]
C=\operatorname{mod}\left(D\left[T\right]+U,2\right)
I=[0...440]
J=I\left[C=1\right]
X=\operatorname{mod}\left(J,21\right)
Y=20-\operatorname{floor}\left(\frac{J}{21}\right)
\operatorname{polygon}\left((-4,-4),(25,-4),(25,25),(-4,25)\right)
\operatorname{polygon}\left((X,Y),(X+1,Y),(X+1,Y+1),(X,Y+1)\right)\left\{v=1\right\}
